86,43	5
5,36	1
16,58	1
66,47	2
20,37	1
89,27	5
56,68	4
21,42	1
96,22	5
72,80	6
99,10	5
20,74	1
59,19	3
70,23	3
81,86	6
53,14	3
72,60	6
2,80	1
10,77	1
81,76	6
44,86	4
3,58	1
7,32	1
89,6	5
61,50	2
31,74	4
96,47	5
100,60	5
96,66	6
0,82	1
17,1	3
2,43	1
8,80	1
15,62	1
81,28	5
45,78	4
48,42	2
61,82	4
24,33	2
23,39	1
37,20	3
99,54	5
5,76	1
45,74	4
87,75	6
61,36	2
46,94	4
58,74	4
73,93	6
37,53	2
41,25	3
88,98	6
79,43	5
19,44	1
60,68	4
93,46	5
76,94	6
20,47	1
17,70	1
55,22	3
12,43	1
100,87	6
5,42	1
54,67	4
13,93	1
61,37	2
99,52	5
6,18	1
23,15	3
93,47	5
70,12	3
49,40	2
42,82	4
85,74	6
93,3	5
2,44	1
39,29	2
29,60	1
13,68	1
62,69	4
37,17	3
83,33	5
7,86	1
80,99	6
7,83	1
74,35	5
75,7	3
41,57	2
20,97	4
57,93	4
23,95	4
57,74	4
37,78	4
55,98	4
34,30	2
23,38	1
38,31	2
43,54	2
39,54	2
6,73	1
