86,43	2
5,36	4
16,58	3
66,47	2
20,37	4
89,27	1
56,68	5
21,42	4
96,22	1
72,80	5
99,10	1
20,74	3
59,19	1
70,23	1
81,86	5
53,14	1
72,60	2
2,80	3
10,77	3
81,76	5
44,86	5
3,58	3
7,32	4
89,6	1
61,50	2
31,74	3
96,47	2
100,60	2
96,66	2
0,82	3
17,1	4
2,43	4
8,80	3
15,62	3
81,28	1
45,78	5
48,42	4
61,82	5
24,33	4
23,39	4
37,20	4
99,54	2
5,76	3
45,74	5
87,75	5
61,36	2
46,94	5
58,74	5
73,93	5
37,53	4
41,25	4
88,98	5
79,43	2
19,44	4
60,68	5
93,46	2
76,94	5
20,47	4
17,70	3
55,22	1
12,43	4
100,87	5
5,42	4
54,67	5
13,93	3
61,37	2
99,52	2
6,18	4
23,15	4
93,47	2
70,12	1
49,40	4
42,82	5
85,74	5
93,3	1
2,44	4
39,29	4
29,60	3
13,68	3
62,69	5
37,17	4
83,33	2
7,86	3
80,99	5
7,83	3
74,35	2
75,7	1
41,57	4
20,97	3
57,93	5
23,95	3
57,74	5
37,78	3
55,98	5
34,30	4
23,38	4
38,31	4
43,54	4
39,54	4
6,73	3
